# 2025 Men's Championship Tour
| 1 | - |   | Yago Dora Yago Dora Brazil | 1 | 265 | 4,745 | 10,000 | 4,745 | 3,320 | 4,745 | 1,330 | 10,000 | 4,745 | 7,800 | 3,320 | 54,750 |
| 2 |  1 |   | Griffin Colapinto Griffin Colapinto United States | 2 | 1,330 | 3,320 | 1,330 | 1,330 | 6,085 | 1,330 | 7,800 | 6,085 | 7,800 | 6,085 | 7,800 | 48,965 |
| 3 |  1 |   | Jordy Smith Jordy Smith South Africa | 3 | 1,330 | 3,320 | 3,320 | 10,000 | 4,745 | 4,745 | 10,000 | 3,320 | 4,745 | 3,320 | 3,320 | 50,835 |
| 4 |  1 |   | Italo Ferreira Italo Ferreira Brazil | 4 | 6,085 | 10,000 | 7,800 | 4,745 | 1,330 | 1,330 | 1,330 | 3,320 | 4,745 | 3,320 | 4,745 | 47,420 |
| 5 |  1 |   | Jack Robinson Jack Robinson Australia | 5 | 1,330 | 6,085 | 4,745 | 1,330 | 10,000 | 265 | 1,330 | 6,085 | 3,320 | 3,320 | 10,000 | 47,545 |
| 6 | - |   | Ethan Ewing Ethan Ewing Australia |   | 3,320 | 6,085 | 6,085 | 4,745 | 4,745 | 1,330 | 1,330 | 4,745 | 6,085 | 4,745 | 4,745 | 46,630 |
| 7 | - |   | Kanoa Igarashi Kanoa Igarashi Japan |   | 3,320 | 4,745 | 3,320 | 1,330 | 7,800 | 6,085 | 3,320 | 7,800 | 3,320 | 4,745 | 1,330 | 45,785 |
| 8 | - |   | Filipe Toledo Filipe Toledo Brazil |   | 3,320 | 3,320 | 4,745 | 1,330 | 3,320 | 10,000 | 1,330 | 3,320 | 3,320 | 6,085 | 1,330 | 40,090 |
| 9 | - |   | Leonardo Fioravanti Leonardo Fioravanti Italy |   | 7,800 | 1,330 | 3,320 | 3,320 | 3,320 | 1,330 | 4,745 | 3,320 | 3,320 | 4,745 | 3,320 | 38,540 |
| 10 | - |   | Cole Houshmand Cole Houshmand United States |   | 1,330 | 1,330 | 3,320 | 6,085 | 1,330 | 1,330 | 1,330 | 4,745 | 10,000 | 3,320 | 4,745 | 37,535 |
| 11 | - |   | Barron Mamiya Barron Mamiya Hawaii |   | 10,000 | 1,330 | 6,085 | 1,330 | 1,330 | 3,320 | 6,085 | 3,320 * | 1,330 | 3,320 | 1,330 | 37,450 |
| 12 | - |   | Connor O Connor O'Leary Japan |   | 1,330 | 3,320 | 1,330 | 3,320 | 3,320 | 1,330 | 4,745 | 4,745 | 1,330 | 10,000 | 1,330 | 34,770 |
| 13 | - |   | Miguel Pupo Miguel Pupo Brazil |   | 4,745 | 4,745 | 1,330 | 4,745 | 1,330 | 4,745 | 3,320 | 1,330 | 6,085 | 1,330 | 1,330 | 33,705 |
| 14 | - |   | Jake Marshall Jake Marshall United States |   | 4,745 | 1,330 | 1,330 | 1,330 | 4,745 | 3,320 | 3,320 | 3,320 | 4,745 | 3,320 | 3,320 | 33,495 |
| 15 | - |   | Crosby Colapinto Crosby Colapinto United States |   | 265 | 265 | 1,330 | 6,085 | 1,330 | 1,330 | 6,085 | 3,320 | 3,320 | 3,320 | 6,085 | 32,470 |
| 16 | - |   | Marco Mignot Marco Mignot France |   | 1,330 | 265 | 4,745 | 3,320 | 1,330 | 3,320 | 3,320 | 1,330 | 1,330 | 4,745 | 3,320 | 28,090 |
| 17 | - |   | Joao Chianca Joao Chianca Brazil |   | 3,320 | 1,330 | 265 | 3,320 | 1,330 | 3,320 | 3,320 | 3,320 | 1,330 | 3,320 | 3,320 | 27,230 |
| 18 | - |   | Joel Vaughan Joel Vaughan Australia |   | 3,320 | 3,320 | 3,320 | 1,330 | 3,320 | 265 | 1,330 | 4,745 | 3,320 | 1,330 | 1,330 | 26,665 |
| 19 | - |   | Alan Cleland Alan Cleland Mexico |   | 3,320 | 265 | 1,330 | 3,320 | 1,330 | 3,320 | 3,320 | 1,330 | 3,320 | 1,330 | 3,320 | 25,240 |
| 20 | - |   | Rio Waida Rio Waida Indonesia |   | 1,330 | 7,800 | 4,745 | 1,330 | 1,330 | 1,330 | 1,330 | 1,330 | 1,330 | 1,330 | 3,320 | 25,175 |
| 21 | - |   | Seth Moniz Seth Moniz Hawaii |   | 3,320 | 265 | 3,320 | 1,330 | 3,320 | 3,320 | 265 | 1,330 | 3,320 | 1,330 | 1,330 | 22,185 |
| 22 | - |   | Alejo Muniz Alejo Muniz Brazil |   | 1,330 | 1,330 | 1,330 | 3,320 | 1,330 | 6,085 | 265 | 1,330 | 1,330 | 1,330 | 265 | 18,980 |
| 23 | - |   | Matthew McGillivray Matthew McGillivray South Africa |   | 1,330 | 1,330 | 1,330 | 7,800 | 1,330 | 265 | 1,330 | - | - | - | - | 14,450 |
| 24 | - |   | Liam O Liam O'Brien Australia |   | 1,330 | 3,320 | 3,320 | 265 | 1,330 | 3,320 | 1,330 | - | - | - | - | 13,950 |
| 25 | - |   | Jackson Bunch Jackson Bunch Hawaii |   | 1,330 | 4,745 | 1,330 | 1,330 | 1,330 | 1,330 | 3,320 | - | - | - | - | 13,385 |
| 26 | - |   | George Pittar George Pittar Australia |   | 4,745 | 1,330 | 265 | 3,320 | 1,330 | 1,330 | 1,330 | - | - | - | - | 13,385 |
| 27 | - |   | Ian Gouveia Ian Gouveia Brazil |   | 6,085 | 1,330 | 265 | 1,330 | 265 | 1,330 | 1,330 | - | - | - | - | 11,670 |
| 28 | - |   | Samuel Pupo Samuel Pupo Brazil |   | 265 | 1,330 | 1,330 | 1,330 | 4,745 | 1,330 | 1,330 | - | - | - | - | 11,395 |
| 29 | - |   | Imaikalani deVault Imaikalani deVault Hawaii |   | 265 | 265 | 3,320 | 265 | 1,330 | 1,330 | 4,745 | - | - | - | - | 11,255 |
| 30 | - |   | Deivid Silva Deivid Silva Brazil |   | 1,330 | 3,320 | 1,330 | 1,330 | 265 | 3,320 | 265 | - | - | - | - | 10,895 |
| 31 | - |   | Ian Gentil Ian Gentil Hawaii |   | 1,330 * | 1,330 * | 1,330 * | 265 * | 3,320 * | 1,330 * | 1,330 * | - | - | - | - | 9,970 |
| 32 | - |   | Ramzi Boukhiam Ramzi Boukhiam Morocco |   | 1,330 | 1,330 | 1,330 | 3,320 | 265 * | 265 | 265 | - | - | - | - | 7,840 |
| 33 | - |   | Edgard Groggia Edgard Groggia Brazil |   | 1,330 | 1,330 | 1,330 | 265 | 265 | 1,330 | 1,330 | - | - | - | - | 6,915 |
| 34 | - |   | Ryan Callinan Ryan Callinan Australia |   | 1,330 | 1,330 | 265 | 1,330 | 1,330 | 265 | 265 | - | - | - | - | 5,850 |
| 35 | - |   | Gabriel Medina Gabriel Medina Brazil |   | 265 | 265 | 265 | 265 | 265 | 265 | 265 | - | - | - | - | 1,590 |